1997.0726657880004	0.7469879518072289	0.3574858791248916
1716.4972446747495	0.7531645569620253	0.35095905436076685
1516.8992881395	0.7304347826086957	0.349464226692795
1438.6267608986252	0.7166123778501629	0.35801901818248694
1436.3571551036002	0.7116883116883117	0.3668130522784894
1404.8808922122496	0.7198275862068966	0.36683627513178574
1375.358503032072	0.7155963302752294	0.36848643178002216
1396.1689490808756	0.7158908507223114	0.3635645092999315
1343.3195380659452	0.7048710601719198	0.35903276446595866
1335.0345792387016	0.70242656449553	0.359228354609971
1326.0368601267744	0.6998841251448435	0.35740307225170975
1323.5328403999183	0.6998939554612937	0.3581046876907475
1278.3310265785785	0.695	0.36040824816117395
1187.0216675372515	0.695	0.36040824816117395
1169.4383269780458	0.695	0.36040824816117395
