1612.9029475305001	0.7590361445783133	0.30197933407572153
1561.2450381195	0.7272727272727273	0.3086476058156621
1478.4420760849996	0.743801652892562	0.32847947929942944
1425.3008493997509	0.7327044025157232	0.32743728706697406
1363.789763948401	0.732824427480916	0.3265778090335534
1336.249182199251	0.7278481012658228	0.3209650045458997
1282.8588507454292	0.7301293900184843	0.3214364658995751
1249.6180867054381	0.7292006525285482	0.3272753798886422
1202.6453870179453	0.7124277456647399	0.33158479115095757
1229.3136080993506	0.7124352331606217	0.3258364195102536
1215.4422453605916	0.703923900118906	0.323507095911237
1223.9500200507919	0.6981541802388708	0.3240760696748078
1202.8969710086155	0.698	0.3249645074473849
1132.1383256551676	0.698	0.3249645074473849
