1997.3716700395005	0.7951807228915663	0.4472748253577226
1989.5885519222495	0.8037974683544303	0.42277606006888885
1712.7079512903335	0.7695652173913043	0.42945762377295404
1627.3055373208756	0.758957654723127	0.4456899255556664
1590.6035523361004	0.7480519480519481	0.4543181542408019
1527.5887190765002	0.75	0.45895767933827886
1513.990737902429	0.7522935779816514	0.45885553265179646
1513.9672039892503	0.7463884430176565	0.45829159401534486
1464.2298586004451	0.7392550143266475	0.4583553462551769
1432.2974165586515	0.7305236270753512	0.46023423564661975
1434.9800652656834	0.7311703360370799	0.4617499357462583
1429.3125354568765	0.7338282078472959	0.460962972099281
1392.0460637256933	0.73	0.4648477842804857
1292.614202031001	0.73	0.4648477842804857
1273.4667202726162	0.73	0.4648477842804857
