1710.3028959620003	0.7831325301204819	0.4382872580156724
1692.9414756347503	0.7515151515151515	0.4404878655843802
1573.067520773667	0.7603305785123967	0.4536455798472525
1505.8877039478762	0.7515723270440252	0.4585350854628028
1402.6204873245013	0.7480916030534351	0.4551123752534715
1391.585931798501	0.740506329113924	0.4600753034938409
1331.155365006429	0.7393715341959335	0.46399323903141065
1323.670318892063	0.7406199021207178	0.45733051669604236
1269.9354335945566	0.7239884393063584	0.4627332112904941
1313.933118404751	0.727979274611399	0.4603725751404229
1307.6241361642733	0.7217598097502973	0.45481057418921017
1299.17264374625	0.7133550488599348	0.46197436255160057
1297.4028708428846	0.718	0.45899428988506064
1221.0850549109502	0.718	0.45899428988506064
